1 41 29
2 44 37
3 30 60
4 66 73
5 28 80
6 22 12
7 34 60
8 97 8
9 22 83
10 62 89
11 17 49
12 36 51
13 82 73
14 91 85
15 85 66
16 59 65
17 15 52
18 49 73
19 26 52
20 85 31
21 19 95
22 61 3
23 75 78
24 62 49
25 41 75
26 94 32
27 50 2
28 86 50
29 34 3
30 12 26
31 47 39
32 51 82
33 93 78
34 56 58
35 33 3
36 80 44
37 8 55
38 74 2
39 84 29
40 35 75
41 94 34
42 85 13
43 9 57
44 3 15
45 38 8
46 39 63
47 54 84
48 18 93
49 2 57
50 96 41
51 26 93
52 83 19
53 91 36
54 84 38
55 20 3
56 3 18
57 90 58
58 76 77
59 86 48
60 40 73
61 68 9
62 100 48
63 68 2
64 47 83
65 15 89
66 96 59
67 7 87
68 35 32
69 12 74
70 47 99
71 70 33
72 52 85
73 73 90
74 100 41
75 79 81
76 89 3
77 84 21
78 40 77
79 96 27
80 18 94
81 11 59
82 98 97
83 42 91
84 75 46
85 44 1
86 44 27
87 75 41
88 37 55
89 30 69
90 90 68
91 20 28
92 1 43
93 84 69
94 5 63
95 61 50
96 73 66
97 76 95
98 69 48
99 11 64
100 14 67
101 83 51
102 42 71
103 60 40
104 75 13
105 17 54
106 52 50
107 6 63
108 54 61
109 53 100
110 77 5
111 76 76
112 65 42
113 2 84
114 31 30
115 52 92
116 93 65
117 36 46
118 56 30
119 57 66
120 77 53
121 12 83
122 97 36
123 47 38
124 78 48
125 74 43
126 10 71
127 98 80
128 70 57
129 93 92
130 85 18
131 54 14
132 17 73
133 36 15
134 84 55
135 35 52
136 67 80
137 7 4
138 68 1
139 71 60
140 60 6
141 13 40
142 26 13
143 20 6
144 55 96
145 29 22
146 66 55
147 50 48
148 31 80
149 53 82
150 65 36
151 51 49
152 40 54
153 43 59
154 67 31
155 39 68
156 30 3
157 46 29
158 23 74
159 96 21
160 33 36
161 61 3
162 13 26
163 63 37
164 100 36
165 70 62
166 21 38
167 64 8
168 47 54
169 51 2
170 77 41
171 69 25
172 57 88
173 62 1
174 85 70
175 75 49
176 75 14
177 80 77
178 50 77
179 94 8
180 36 53
181 8 83
182 87 80
183 71 85
184 67 49
185 51 9
186 55 51
187 40 21
188 64 69
189 51 42
190 15 57
191 96 5
192 33 60
193 23 90
194 84 68
195 65 60
196 64 67
197 64 95
198 18 50
199 77 53
200 95 42
201 82 92
202 92 64
203 58 86
204 59 61
205 44 42
206 93 67
207 5 72
208 66 29
209 12 47
210 34 79
211 9 88
212 95 97
213 93 33
214 24 17
215 47 79
216 8 19
217 7 58
218 12 8
219 88 88
220 83 75
221 53 98
222 55 4
223 34 11
224 71 84
225 29 67
226 19 51
227 39 90
228 41 60
229 64 11
230 55 8
231 13 82
232 14 67
233 94 68
234 67 64
235 42 61
236 5 45
237 70 56
238 82 86
239 24 45
240 31 77
241 55 76
242 62 95
243 98 43
244 70 74
245 93 85
246 22 3
247 39 50
248 86 77
249 69 11
250 31 88
251 41 26
252 97 56
253 26 66
254 21 11
255 14 68
256 48 14
257 69 57
258 72 91
259 27 25
260 33 45
261 6 58
262 84 96
263 29 63
264 70 53
265 35 7
266 86 10
267 68 96
268 8 78
269 28 5
270 45 37
271 98 28
272 68 56
273 10 29
274 77 2
275 11 34
276 44 69
277 37 62
278 58 57
279 98 73
280 48 53
281 71 12
282 33 41
283 80 18
284 83 98
285 74 23
286 44 76
287 73 96
288 79 50
289 95 67
290 43 91
291 88 50
292 17 82
293 19 94
294 16 46
295 75 54
296 75 96
297 60 11
298 71 25
299 73 32
300 100 33
301 71 97
302 53 19
303 60 75
304 19 93
305 17 88
306 2 31
307 46 92
308 17 3
309 13 41
310 52 72
311 85 40
312 71 16
313 7 98
314 27 63
315 79 31
316 19 36
317 50 63
318 26 24
319 66 84
320 13 27
321 51 37
322 13 36
323 44 63
324 47 19
325 7 83
326 5 80
327 62 2
328 42 81
329 66 67
330 22 55
331 65 73
332 13 53
333 66 3
334 17 80
335 45 55
336 82 99
337 62 91
338 58 84
339 46 63
340 71 7
341 53 47
342 71 68
343 39 12
344 8 41
345 99 93
346 85 52
347 95 2
348 7 29
349 77 29
350 94 40
351 72 68
352 51 79
353 78 58
354 7 96
355 62 47
356 11 44
357 19 25
358 63 60
359 39 4
360 99 68
361 90 9
362 89 81
363 100 50
364 4 74
365 29 82
366 31 1
367 25 51
368 50 53
369 80 86
370 19 27
371 79 23
372 13 58
373 84 79
374 38 28
375 11 72
376 27 74
377 34 11
378 88 76
379 84 48
380 80 31
381 16 55
382 32 58
383 62 62
384 39 41
385 85 72
386 7 2
387 69 70
388 97 85
389 70 60
390 89 5
391 81 24
392 6 29
393 3 43
394 99 9
395 31 59
396 32 47
397 7 51
398 25 73
399 85 23
400 1 84
401 59 69
402 16 82
403 76 54
404 11 93
405 92 91
406 61 15
407 68 14
408 45 53
409 45 30
410 68 84
411 95 53
412 98 14
413 14 13
414 82 15
415 56 70
416 1 13
417 2 63
418 93 9
419 35 74
420 81 38
421 64 40
422 49 14
423 23 32
424 84 29
425 83 13
426 4 63
427 99 72
428 48 4
429 61 59
430 7 23
431 36 39
432 60 36
433 7 83
434 4 6
435 74 85
436 66 30
437 100 46
438 80 32
439 84 7
440 52 75
441 26 24
442 97 68
443 77 24
444 43 47
445 57 10
446 88 94
447 6 31
448 78 36
449 40 21
450 24 7
451 94 27
452 55 3
453 46 92
454 53 96
455 21 89
456 41 44
457 97 40
458 43 89
459 63 12
460 70 37
461 84 3
462 26 10
463 41 45
464 23 51
465 73 17
466 52 34
467 39 16
468 23 7
469 24 43
470 50 17
471 37 33
472 84 45
473 73 81
474 18 57
475 67 26
476 61 16
477 99 64
478 67 81
479 49 3
480 9 86
481 15 48
482 88 80
483 55 61
484 80 13
485 48 61
486 39 10
487 87 94
488 44 96
489 38 87
490 26 74
491 9 50
492 100 81
493 24 44
494 67 77
495 30 14
496 48 74
497 9 29
498 87 61
499 45 83
500 40 28
501 34 72
502 97 99
503 52 44
504 80 72
505 43 53
506 2 76
507 26 1
508 30 59
509 6 52
510 51 19
511 16 73
512 100 31
513 16 100
514 11 39
515 39 43
516 40 21
517 70 87
518 85 32
519 94 86
520 14 24
521 11 34
522 14 30
523 67 51
524 97 67
525 39 93
526 100 56
527 39 71
528 70 1
529 53 20
530 9 21
531 31 14
532 75 36
533 93 48
534 83 2
535 6 60
536 52 19
537 98 52
538 67 91
539 69 82
540 59 76
541 13 54
542 98 40
543 6 28
544 50 95
545 30 98
546 81 73
547 3 99
548 80 76
549 17 39
550 84 61
551 76 41
552 94 5
553 59 53
554 51 56
555 82 76
556 66 8
557 8 26
558 49 44
559 7 31
560 5 24
561 1 6
562 99 29
563 74 54
564 100 95
565 24 74
566 71 83
567 39 18
568 55 64
569 47 69
570 64 31
571 66 22
572 94 65
573 77 100
574 100 10
575 72 72
576 9 86
577 41 36
578 86 1
579 31 71
580 65 67
581 43 97
582 12 23
583 27 43
584 67 57
585 89 1
586 53 6
587 100 82
588 43 36
589 54 85
590 83 5
591 54 3
592 69 8
593 60 30
594 8 41
595 53 10
596 23 60
597 27 51
598 15 78
599 92 32
600 4 99
601 96 4
602 93 15
603 21 34
604 56 28
605 15 13
606 69 29
607 57 98
608 90 9
609 21 18
610 10 23
611 52 51
612 76 70
613 23 10
614 49 14
615 54 96
616 26 46
617 26 63
618 50 98
619 79 8
620 14 83
621 87 6
622 37 61
623 98 72
624 20 41
625 45 9
626 62 82
627 58 3
628 76 36
629 17 61
630 20 68
631 90 42
632 67 33
633 28 15
634 21 54
635 71 42
636 40 37
637 82 20
638 1 1
639 34 97
640 27 55
641 76 92
642 16 3
643 79 96
644 46 86
645 43 21
646 73 39
647 71 25
648 23 63
649 42 92
650 98 72
651 52 7
652 93 46
653 44 8
654 87 87
655 33 5
656 54 52
657 82 99
658 38 9
659 44 60
660 70 86
661 62 81
662 59 76
663 75 71
664 48 96
665 42 15
666 74 11
667 1 9
668 14 39
669 29 77
670 36 28
671 66 45
672 42 45
673 6 72
674 80 75
675 20 73
676 100 36
677 85 9
678 8 18
679 23 26
680 88 27
681 17 28
682 4 66
683 5 20
684 5 21
685 3 61
686 62 69
687 16 85
688 29 66
689 9 72
690 85 88
691 56 56
692 84 23
693 55 78
694 25 68
695 66 65
696 92 47
697 39 18
698 63 78
699 67 44
700 84 16
701 14 79
702 98 19
703 77 29
704 13 22
705 60 81
706 54 69
707 98 72
708 64 15
709 55 11
710 98 14
711 54 35
712 96 75
713 51 50
714 22 19
715 24 41
716 5 51
717 30 93
718 100 46
719 48 52
720 50 60
721 54 83
722 3 22
723 73 26
724 14 72
725 62 36
726 68 55
727 70 20
728 27 24
729 77 49
730 29 74
731 50 67
732 1 61
733 72 71
734 9 55
735 34 9
736 61 89
737 71 18
738 72 12
739 32 58
740 22 61
741 70 41
742 28 31
743 68 69
744 45 66
745 83 92
746 28 66
747 22 38
748 2 92
749 9 91
750 86 87
751 85 64
752 87 3
753 77 84
754 67 79
755 18 51
756 92 93
757 57 44
758 8 76
759 66 70
760 52 12
761 8 99
762 90 21
763 64 71
764 22 40
765 71 88
766 83 80
767 52 41
768 5 24
769 37 69
770 30 7
771 99 10
772 76 85
773 4 47
774 64 100
775 98 1
776 44 75
777 95 64
778 76 92
779 79 26
780 84 78
781 52 38
782 40 16
783 85 54
784 16 69
785 29 41
786 2 85
787 47 1
788 77 31
789 29 22
790 27 31
791 53 66
792 76 19
793 66 19
794 85 27
795 50 16
796 38 5
797 55 70
798 88 48
799 82 71
800 87 80
801 58 33
802 62 97
803 90 34
804 99 81
805 56 70
806 14 31
807 12 40
808 88 6
809 10 98
810 17 63
811 53 10
812 26 84
813 27 8
814 71 35
815 88 26
816 29 97
817 49 58
818 66 21
819 91 52
820 71 5
821 56 76
822 78 4
823 38 42
824 83 56
825 55 15
826 21 89
827 93 99
828 54 77
829 42 86
830 83 3
831 55 54
832 38 34
833 97 94
834 61 44
835 14 43
836 40 2
837 24 21
838 99 91
839 12 45
840 57 49
841 69 19
842 26 50
843 12 31
844 16 43
845 26 12
846 35 56
847 4 99
848 34 95
849 78 32
850 13 30
851 59 8
852 49 33
853 79 54
854 90 11
855 87 93
856 96 67
857 79 32
858 6 31
859 9 71
860 69 22
861 23 30
862 28 10
863 59 16
864 34 81
865 79 30
866 79 16
867 89 87
868 61 19
869 62 26
870 12 28
871 37 25
872 66 53
873 96 53
874 31 43
875 16 25
876 6 18
877 62 22
878 85 25
879 23 69
880 13 50
881 24 96
882 54 85
883 62 26
884 36 80
885 50 39
886 42 84
887 81 51
888 23 25
889 29 39
890 43 14
891 12 8
892 96 7
893 35 72
894 63 71
895 67 70
896 65 88
897 12 98
898 12 40
899 4 20
900 37 20
901 27 43
902 47 82
903 38 32
904 15 92
905 17 60
906 53 22
907 86 15
908 77 80
909 16 83
910 49 83
911 14 54
912 30 65
913 32 70
914 34 11
915 41 48
916 95 32
917 63 58
918 93 13
919 85 53
920 62 19
921 9 81
922 41 64
923 94 5
924 4 18
925 38 5
926 46 100
927 81 41
928 4 56
929 48 66
930 47 86
931 55 54
932 62 2
933 100 2
934 15 98
935 99 27
936 27 86
937 75 48
938 20 12
939 74 45
940 29 13
941 54 68
942 90 17
943 78 96
944 67 9
945 37 25
946 19 28
947 39 2
948 85 45
949 72 23
950 94 80
951 5 33
952 23 21
953 93 5
954 44 82
955 4 15
956 80 8
957 24 42
958 98 6
959 68 80
960 67 99
961 15 80
962 72 81
963 81 75
964 88 75
965 47 60
966 63 70
967 91 34
968 35 2
969 11 23
970 35 84
971 76 64
972 31 80
973 73 78
974 30 93
975 68 49
976 2 67
977 27 48
978 52 26
979 83 84
980 12 64
981 10 5
982 68 12
983 36 91
984 49 81
985 41 48
986 6 70
987 58 99
988 60 48
989 5 55
990 40 41
991 98 32
992 100 89
993 19 27
994 84 8
995 65 60
996 73 75
997 37 67
998 25 29
999 10 10
1000 3 20
